639.9999999483741
686.7878925769244
690.4751286719719
697.326449991274
702.7366447563377
707.7214331940428
708.9983440546662
706.6062343756023
708.3945397477528
708.5741239391284
717.3474220559244
721.8304149437319
725.8166734052837
730.2645507850566
739.5828904690237
750.5844152921786
754.0423009063298
753.3341176521639
753.218118339184
741.666845434532
640.0
737.9092144733006
740.9893104840544
745.604249203108
742.9662801747775
737.5022585523849
732.9022324961174
729.9543511990985
727.2721663142792
726.1598082513074
724.9866665258636
723.9841792533714
719.4975221170583
718.8545018505065
719.2381612640945
716.1743103555223
710.4641139336483
704.3445009986661
697.5015069815267
661.4001643811498
