360.00000003389863
321.17729213271724
321.27295621023603
322.351274611163
328.02525784600374
331.9781386624661
329.05280187604984
324.7045177416669
324.6416219669372
327.75491806050877
330.2217552253172
330.2916648985716
332.9062504775132
337.028855325532
337.6573744437507
337.57636101419064
337.6949192514601
341.4890460304441
340.2258278670949
347.3141494109448
359.99999999999994
338.4321076522612
334.87123889188
334.9660515361166
330.41212758573363
328.7200590865625
324.8130251563102
320.98882280306435
321.14594605492783
321.32616317777445
317.56647106048416
314.4280990285944
317.7104207370004
319.3098755549969
317.3960487921407
315.14820968422856
308.0146673045861
304.10840957331123
297.41755023088535
366.5620103487723
