640.0
606.9236711781058
610.9958542580646
616.7330767979298
622.5579729280433
626.3245769377605
628.4792220493119
630.9586018591762
637.4265072846972
641.6642965387405
646.423983419926
650.5800001721982
656.8890033303297
662.7399840325406
668.9820222685139
673.8949138652206
679.5721608048377
682.4667190085833
672.6017194032198
664.9145290890815
673.3110454754627
665.3983508094276
663.2113777909775
664.4277732533458
663.2368051625741
658.3971869502357
654.4777980733099
650.2206581700157
645.3556692288714
640.8716292544852
636.9370984893167
630.1175567340792
625.7002681246636
623.5166289327553
620.0528643878813
614.5680549190296
607.7886181639002
602.9014457390665
640.0
