359.9999999999999
270.18575417907084
279.6833129652608
281.94851291734517
293.6671787483668
303.2613581872494
312.37540762042767
319.5441193583641
330.11450892431935
341.1235027300843
351.7094151076695
362.60769255521393
375.8562444214113
391.41453515750123
407.4655296163348
421.3077728289248
432.55492146582685
443.7006549624848
455.60281281541234
399.70297458430053
455.970286581144
438.88203238700953
427.0065400800993
418.33814611080055
407.38708550317426
391.0421449486414
375.90906765421624
362.8086253795408
352.8214816358457
342.75234572730625
334.96602043672266
325.5534705605663
318.5019366743369
312.4996406129735
305.6943542195207
296.5464355381002
289.2235560952684
280.7880567876155
359.9999999999999
